centers =

  537.0515  355.2442
  142.6052  216.9133
  242.1730  252.8303
  541.5260  152.0018
  347.7941  242.8108


radii =

   34.5539
   36.4234
   36.7847
   35.9156
   34.7768
